202009123835
202009123836
202009123837
202009123838
202009123839
202009123840
202009123841
202009123842
202009123843
202009123844
202009123845
202009123846
202009123847
202009123848
202009123849
202009123850
202009123851
202009123852
202009123853
202009123854
202009123855
202009123856
202009123857
202009123858
202009123859
202009123860
202009123861
202009123862
202009123863
202009123864
202009123865
202009123866
202009123867
202009123868
202009123869
202009123870
202009123871
202009123872
202009123873
202009123874
202009123875
202009123876
202009123877
202009123878
202009123879
202009123880
202009123881
202009123882
202009123883
202009123884
202009123885
202009123886
202009123887
202009123888
202009123889
202009123890
202009123891
202009123892
202009123893
202009123894
202009123895
202009123896
202009123897
202009123898
202009123899
202009123900
202009123901
202009123902
202009123903
202009123904
202009123905
202009123906
202009123907
202009123908
202009123909
202009123910
202009123911
202009123912
202009123913
202009123914
202009123915
202009123916
202009123917
202009123918
202009123919
202009123920
202009123921
202009123922
202009123923
202009123924
202009123925
202009123926
202009123927
202009123928
202009123929
202009123930
202009123931
202009123932
202009123933
202009123934
202009123935
202009123936
202009123937
202009123938
202009123939
202009123940
202009123941
202009123942
202009123943
202009123944
202009123945
202009123946
202009123947
202009123948
202009123949
202009123950
202009123951
202009123952
202009123953
202009123954
202009123955
202009123956
202009123957
202009123958
202009123959
202009123960
202009123961
202009123962
202009123963
202009123964
202009123965
202009123966
202009123967
202009123968
202009123969
202009123970
202009123971
202009123972
202009123973
202009123974
202009123975
202009123976
202009123977
202009123978
202009123979
202009123980
202009123981
202009123982
202009123983
202009123984
202009123985
202009123986
202009123987
202009123988
202009123989
202009123990
202009123991
202009123992
202009123993
202009123994
202009123995
202009123996
202009123997
202009123998
202009123999
202009124000
202009124001
202009124002
202009124003
202009124004
202009124005
202009124006
202009124007
202009124008
202009124009
202009124010
202009124011
202009124012
202009124013
202009124014
202009124015
202009124016
202009124017
202009124018
202009124019
202009124020
202009124021
202009124022
202009124023
202009124024
202009124025
202009124026
202009124027
202009124028
202009124029
202009124030
202009124031
202009124032
202009124033
202009124034
202009124035
202009124036
202009124037
202009124038
202009124039
202009124040
202009124041
202009124042
202009124043
202009124044
202009124045
202009124046
202009124047
202009124048
202009124049
202009124050
202009124051
202009124052
202009124053
202009124054
202009124055
202009124056
202009124057
202009124058
202009124059
202009124060
202009124061
202009124062
202009124063
202009124064
202009124065
202009124066
202009124067
202009124068
202009124069
202009124070
202009124071
202009124072
202009124073
202009124074
202009124075
202009124076
202009124077
202009124078
202009124079
202009124080
202009124081
202009124082
202009124083
202009124084
202009124085
202009124086
202009124087
202009124088
202009124089
202009124090
202009124091
202009124092
202009124093
202009124094
202009124095
202009124096
202009124097
202009124098
202009124099
202009124100
202009124101
202009124102
202009124103
202009124104
202009124105
202009124106
202009124107
202009124108
202009124109
202009124110
202009124111
202009124112
202009124113
202009124114
202009124115
202009124116
202009124117
202009124118
202009124119
202009124120
202009124121
202009124122
202009124123
202009124124
202009124125
202009124126
202009124127
202009124128
202009124129
202009124130
202009124131
202009124132
202009124133
202009124134
202009124135
202009124136
202009124137
202009124138
202009124139
202009124140
202009124141
202009124142
202009124143
202009124144
202009124145
202009124146
202009124147
202009124148
202009124149
202009124150
202009124151
202009124152
202009124153
202009124154
202009124155
202009124156
202009124157
202009124158
202009124159
202009124160
202009124161
202009124162
202009124163
202009124164
202009124165
202009124166
202009124167
202009124168
202009124169
202009124170
202009124171
202009124172
202009124173
202009124174
202009124175
202009124176
202009124177
202009124178
202009124179
202009124180
202009124181
202009124182
202009124183
202009124184
202009124185
202009124186
202009124187
202009124188
202009124189
202009124190
202009124191
202009124192
202009124193
202009124194
202009124195
202009124196
202009124197
202009124198
202009124199
202009124200
